100
0.0	102.69055257853393	89.214756469362143	41.309371121661442	82.974396602284543	51.259750672962731	63.168171282148428	78.726735452577884	108.87465358241428	106.67732078768199	68.283763420363542	91.745157614321457	94.995506016030063	47.114480757304214	31.841774011975485	76.539809700824208	74.930648218859076	83.140784778815046	26.781838273935378	47.169289725868865	93.210391516047679	76.349792380699668	99.335235661071849	106.35029964057334	76.578361852046896	123.87721854620459	86.518573733340517	67.271494880452551	45.466173083894979	17.916830262575385	72.257494724818528	65.367084596194459	62.624787629722668	73.714947163249022	35.428275516692551	25.983143300114936	30.27912929684064	86.663584210064769	95.990346563125414	92.923205522260176	85.008507415361663	69.646504193714293	23.455904480394935	49.244576239039795	59.403160034638674	93.42330059972393	94.922887425853006	81.219194656456494	34.519959660809036	71.768461979550324	70.184761259817449	98.707403428327083	91.81927557018723	125.86025574333406	84.59094987598958	73.833140574544373	44.103908139014607	68.463759110004361	114.97781324267513	116.27412028773686	39.655155807164505	107.52122700596647	119.03830229105016	39.296922699616516	70.321176646765579	44.013431107227184	118.22307418781003	95.607814102674936	33.038321312529987	71.17565270789953	78.720905335112263	66.886026299247803	94.803959826949253	19.553050946448252	13.234642167459855	70.831925753003119	81.447900645900972	48.143804177452211	90.337736597594784	113.69142684450924	83.206531045742963	68.102028562845987	90.844772855839949	47.100165847657706	118.5176057604686	97.410297981709292	96.392991613471594	2.414568741541308	75.459114026012259	3.7510961478375848	40.192239954804428	9.2867817417030114	88.669080818590373	66.542218259485765	94.979250767406128	88.722698048000595	90.731233300720362	65.787114886799245	53.62341187110934	96.719640244698027
102.69055257853393	0.0	37.580005114197775	68.599356273763433	27.986838341146086	55.729995792261896	43.204350151341188	48.702675345367481	44.594135335048229	29.149968151862218	39.216933766716821	71.326623190572349	65.101813386330122	83.353523705362889	81.133251073790333	65.550290775363294	74.843762013624271	22.797835788450151	76.57834478138669	67.276005312802525	47.410135822673389	26.658070123334021	3.4169810492897139	9.6610747160576178	46.55472182919938	26.667808830698146	73.725848571399041	38.837341288118985	85.82105049509579	86.554371690683311	49.386850789467495	57.899388167620302	40.348821065878809	74.862642545127059	67.798183259235529	77.056388429509042	84.388149744468578	31.856753336395855	86.992001555311177	49.580859641597534	67.887948763066618	48.574098598838916	83.894039916423083	81.081771776811138	56.089721353376618	50.980010194755671	11.785956896293472	22.31283110577612	69.976612114983268	31.942128164403535	32.831587940493868	36.173152891084875	33.353380372997691	37.254516916437304	50.833274312440636	28.9286981695492	62.788701923511823	39.593634308617837	22.759668819375477	20.959650218471477	79.807318406843137	28.162816273343363	18.314910573318361	74.449578029944973	62.311114752110143	88.492397448072296	16.963583652620397	18.900715349104779	70.024445525808162	31.609270668322647	45.54257750134672	58.350454310370644	10.018935413571716	83.678996466519621	90.165455061050082	42.81800643166946	35.45483593618146	68.648366594131758	35.156116996723213	11.137631694072962	74.711913715991756	72.916350309025276	50.214255146979269	64.712885075241914	30.81026325730609	5.6295002984551825	73.118932257401667	105.07355796519552	37.529311745748075	98.981521083923184	68.720250932422019	95.174099894180642	68.920160456607391	71.771310202070879	66.431582683551781	18.922226953753686	44.401624725507808	48.895986623566934	55.818671598308619	43.307221928782745
89.214756469362143	37.580005114197775	0.0	69.023719806670584	14.555927419863917	38.263005944488398	50.567886670109004	69.496134567438929	20.321069446873018	19.624549574604892	50.236722001528321	33.781207035423591	27.955678807063837	55.173547150818571	60.099315473350771	29.450741288543426	38.891202886440027	21.625852563170092	68.057296298072899	43.707859362872902	10.859365011544012	36.35091006173932	36.524950896447415	32.380643145004193	66.105017959870537	41.928574869771865	36.24575988469428	48.151779933452602	57.932034463019221	71.317202739975286	66.505453575134382	27.458355578520479	35.164784105443324	39.163901875257054	60.800319936141179	67.745122508516019	62.962554882312403	7.1273585369678862	49.429769655640605	76.95119654392866	30.460171380965228	20.052286919003375	66.395251371919372	52.424705028187063	30.556666103858223	14.225034226266111	42.203819985243548	26.838116959442079	54.989597670277931	28.044955126481351	31.230976791961513	67.455980083497238	61.679356222843936	38.493920285908615	74.457734730083843	31.845387594929704	62.568950312006955	23.123822691439791	32.263389317375832	35.257729989247103	55.380974734236354	20.936467351305318	42.427753811404017	75.334085909651037	78.658479064223471	60.831713489038087	42.729400617178207	50.182327885353679	57.718610908382175	32.443765049536722	11.842636254103104	72.916600837003131	39.747007648506916	73.657331104274888	79.324341422210495	18.553299583509407	9.1585588726005067	73.64764241551535	2.5236201265558762	45.626251504540299	37.49825979593863	38.702819286451977	12.890623333460404	68.032100815716547	32.136313164402175	33.397906946015894	35.847128639025172	91.303421153783376	55.1522479848648	85.559225252696677	49.255408294760045	84.307550313677226	31.343008461986599	38.112596138298777	29.233673272726435	20.843927072469612	71.353293893351051	61.562963631109497	60.823364191952784	9.6431381419029059
41.309371121661442	68.599356273763433	69.023719806670584	0.0	57.494243368913892	36.035682066965308	25.495563380792806	37.417438032767215	89.090189280397624	81.527875217376376	30.038934107187291	86.623189689138968	86.395060748336775	57.155336429279743	41.472114488687971	71.252137574514904	74.847563973707224	54.372903029914809	17.271170867759725	43.786329251680868	77.077495823339476	42.401750818451355	65.197503339066984	74.658513120032978	35.329038705097538	93.344093673826492	83.607834586144165	29.912017499667602	57.589428564691183	33.012280989534752	30.966016375359544	56.223750982552183	34.282597001198788	73.863609794092469	13.997304191500424	18.779780036464238	43.463110091826437	63.756798523658659	96.991234529987025	51.643317684473338	79.576511556986375	54.546146318084944	35.812911462480194	57.303242727863235	48.195006121293055	78.830023953280218	58.721848333060777	50.515099994806477	28.169987678349013	43.115470106163137	40.331540659471422	57.871051364198919	51.330403268841565	99.059945299417322	43.348107030638907	42.412582228441046	6.4985323175320788	45.978795054021575	85.856981830481814	86.098411593247192	47.781222231959092	81.881492698505667	86.540646424445285	6.3609279091365201	30.303050003160283	58.34870296679636	85.373784979773689	57.407784784310863	23.30275516691546	40.263448081608836	62.496108703883763	25.997130804399795	59.307636112080409	22.990505764343347	28.345294859117448	51.924076801228814	59.889063675398027	8.8763576159112407	69.032370646847255	78.802516617678549	81.452123613703279	68.097255447313046	76.24144011259294	5.7973155983026885	91.425900701216634	64.112788165293026	91.070901945480159	43.614380864295562	35.598733417866889	38.322892456999639	36.314559074018305	32.117299104731174	83.049483883434547	66.086732840406597	86.975247579657278	59.699433584340404	49.451644480892007	24.847507947126768	13.434358313349891	78.405951135882219
82.974396602284543	27.986838341146086	14.555927419863917	57.494243368913892	0.0	32.154895217373429	36.857745466861246	54.956618903039811	32.399929509821064	24.391437808741415	36.042030334910372	46.331983150948687	41.498837929316196	56.358647226693783	56.896439842582488	38.130826976482282	47.226239129082217	7.3572874497508813	59.358644766986991	41.510270222842102	25.294241428065103	21.817330844679084	25.927130827394564	26.370292126741347	51.584841083618308	41.546694684405658	47.561784890435625	34.07454290131205	58.949809192237652	65.486877299042192	52.105723983730385	30.007848104333487	23.247887393848313	47.158040248596613	51.291743963573545	59.335236234138591	60.046811952563857	7.5195244924319136	61.626473129355432	62.53773211375303	41.701304508537611	20.690078144589201	61.51054660447906	53.91713321392254	29.1607222021049	28.472330027714488	29.52503648172533	12.355829882827459	48.529683326262337	14.646306298151494	17.738715463244763	53.650067862002373	47.542167248562095	43.097216455739144	59.905443185160472	17.589385913830323	50.999147527400908	14.60804817861062	32.229996609314021	33.989810310603346	54.061091269905972	24.983100062973552	38.682781521013311	63.854922527084895	64.446392535952299	61.730178582172378	38.389386740674702	36.976029292084903	50.166347751167393	18.580556848733654	18.130087794031216	58.816889695560945	27.294388980313091	65.689358178203008	71.814088675817985	15.29669958352361	8.039245331051708	61.131035867508722	13.285848700366932	38.048957151434735	47.995409123132958	44.959647652432629	26.717752570213783	55.747103674345205	35.626766601342958	22.76317004566987	49.063921737511059	85.221992641138357	40.622433327206295	79.232500704722568	44.83753583538163	76.911549772523784	43.414163527382172	43.788670429030276	42.684472787366616	9.0681994286328731	56.951567183401124	47.479275287209184	47.938086980364361	23.863816142458244
51.259750672962731	55.729995792261896	38.263005944488398	36.035682066965308	32.154895217373429	0.0	31.285265268953893	55.207539363695638	58.351971344588819	55.437612507010741	34.965509008996321	50.59551840067369	50.709178991686919	30.680051819913498	25.42334067456332	35.250694410052411	39.588230360220436	33.751308732018373	30.366634013328017	13.202209876456559	43.800252190158588	32.956118892225724	52.689355575862976	57.25005911856087	51.654080565300042	73.634667978631697	47.64853028035661	32.624419997373444	32.588102528178418	33.518552876933562	49.402680045251358	20.188147803344954	17.586308614698211	38.716557694564578	24.364859888666814	29.855287130959233	28.67123374020575	35.404858806281922	61.315080300207214	67.999704975484519	43.541174790125908	19.894242128345095	29.355884716925917	29.246120812004467	12.159410813169488	44.832461983671969	51.236750890715591	33.432019804058299	16.790010897799537	23.929223196114908	23.849948349961878	65.965517765167775	58.430184443273021	74.668315801478968	61.790199215884051	28.127325627008467	30.498699347076773	17.555185783096	64.384104753070275	66.045507071038656	24.769370883433716	56.311956383814042	69.957362639422811	41.667469583375691	57.333046760390374	34.819673926055081	69.406774688192499	55.203674802432062	19.560571277120079	25.648794610325719	28.808352077008628	51.273135347996863	50.176137311817669	35.494384753741976	41.064015001419115	19.720707003817807	30.203126953166887	43.272492613671858	39.205796809314414	66.814171662555054	45.649798481577157	33.287296872325008	42.178943974835484	37.497591789336234	67.403055543850698	50.116711065643216	55.067266026164447	53.433382226987241	43.581046532067454	47.553948318259202	13.028240731034822	46.045465114735713	47.025113668088451	31.293139796112094	51.20089394437101	39.040745313582477	63.35234794491717	41.864735105271095	33.935711481238307	46.468496296854461
63.168171282148428	43.204350151341188	50.567886670109004	25.495563380792806	36.857745466861246	31.285265268953893	0.0	23.949627716637522	69.237937166531793	59.191730010185339	5.143083496636871	75.90892612140938	73.512002925822358	61.157514520673615	50.763260564308908	62.488182672551943	68.892198049789016	31.855255182643628	36.399872854984515	44.012568754370861	60.37572266817925	17.72330169603438	39.820281311158723	49.755144379465911	20.374922311862587	68.508715015969003	74.63733611509862	4.418477024724635	62.681321558733053	49.784334243074333	18.457743276643111	47.969173547977121	17.351527744809868	68.213856664588647	27.971535591914005	37.309528295978772	53.755479288462375	44.106369234045275	89.071793414864246	36.898199153304439	69.495737479565918	42.30863100796212	49.470894139753263	60.094371765749969	40.907370520838541	62.928786548734848	33.247778750969474	27.123987117119793	36.332046715662671	22.524481166780042	19.338218289731426	37.261152302529496	29.829366322642144	75.409199255122729	30.506790428286134	19.546125765510578	20.088551706024752	30.137727850741086	61.606025974631088	61.475230745954654	53.610400701210423	59.282606403732032	61.296886615009626	31.24747682520896	28.703539935817275	64.500308334696712	60.072321070267947	32.588506708445614	33.884011989907954	18.278727814582382	47.720599892301962	22.699579045189168	33.815132694404234	43.615422528993037	50.00172314556859	37.388503377371578	41.706720767503363	25.88993735326499	49.846986167633936	53.308730302128808	73.485974582595773	63.365175220030601	60.616472542689351	21.542941076480719	67.839194922232949	38.929220776479795	79.780642915126748	65.579428651337409	13.399244187607472	59.678169368526241	40.147815818415289	54.666646674255787	72.420448410907383	61.459450355425794	74.408779206676101	36.555122783135999	32.565042763664302	11.608938916595871	12.675614416645605	60.200874230013461
78.726735452577884	48.702675345367481	69.496134567438929	37.417438032767215	54.956618903039811	55.207539363695638	23.949627716637522	0.0	85.747441344304065	72.939554360433092	21.106874095440347	98.180748604916985	94.944780844514511	84.677739073370276	72.878261738011858	85.610740834064842	92.473758994656535	48.255138305319782	53.535699293409898	67.768457381262152	80.086726695321786	33.145242860822719	46.022640841609089	57.751356210914146	3.6441158937327445	75.27313286434682	97.490308120962212	23.572872419190013	86.041862989861841	68.809640966587466	6.6526236320771739	71.493315422682755	40.494349373225461	91.847593191905034	46.739849608718103	54.846209397474411	75.639561003686708	62.466092141028739	112.01484212651471	14.381151500482773	92.111729750496465	65.065709565933929	69.970377509031948	83.767667330988957	64.698993984632111	83.060581167960279	36.922386601861199	42.923332298873028	58.167874927513004	42.790009519410539	39.890207225878605	22.483073818848503	18.260901318979624	85.532909854151242	6.6842853190363103	37.992553863964211	35.575075866686589	52.327681003144356	70.950803563441696	69.578626671243342	76.681889552738681	72.57062236463338	66.305342065163785	40.285286221181373	14.638751176256999	87.683871032548296	64.722045634806179	30.865414489528376	54.733469803384011	38.127016797037115	69.201889414971916	13.428528184231519	38.935131146130118	60.06509330692321	65.717275760142016	59.582118178268402	61.516639693938494	31.546930630118961	68.185115083568959	55.522609663079628	96.617100633813834	87.153330722783636	81.017966042732624	31.627994188578338	78.540011370978903	46.84111831450106	101.75731498923412	81.027918449022536	14.35513237130858	75.712407781704599	63.264147948619062	69.521552518078366	94.793596267133154	85.272549484938537	95.964147900580329	51.169706535609222	12.257790323932866	14.258532476111796	26.199458880071582	78.764595300143014
108.87465358241428	44.594135335048229	20.321069446873018	89.090189280397624	32.399929509821064	58.351971344588819	69.237937166531793	85.747441344304065	0.0	15.659752133896433	68.142950009904069	36.365039599385504	28.557891890136492	71.380383094288703	78.82973495094285	40.663271066646132	49.009559185466344	37.917455450183795	88.337753847033881	62.426709100938382	16.739874968874663	53.279097073662328	45.106547481068198	35.987479599619022	82.611090836635242	35.40745589856239	41.498096551653823	66.300625059145759	74.147466849796658	90.959050830648934	83.691620764143579	44.791413613324472	54.947962116906467	49.724420473244791	81.121188152022157	87.996199327205971	81.493905480373115	25.444426750048642	50.596210660273158	91.045603479313584	37.075706181806126	39.229259675529889	85.747771026652046	68.527942530138205	49.575873321276752	18.27524483844368	53.205019811284266	43.164973506537294	74.955783590741859	46.981416360906309	50.113864195224437	79.459333432172457	74.924740708574802	25.569048346722813	89.932856414621199	49.811091492994628	82.608644564155199	43.376091242277653	27.932364828812503	31.670997729229136	73.243117733294	16.910025353027692	40.496681651820204	95.426577848744259	96.36889359567418	77.024202610824759	41.561111009685867	61.538755849240296	77.883881873987292	50.971605141062945	30.179005523788557	90.910065317527668	50.629346311908797	93.829194504824173	99.387784586718041	38.746568580459773	29.286594205700641	93.317120439821963	20.060697747908243	48.459221056636281	44.2348063610225	51.478952426373723	20.127325054855323	87.811064607530213	22.640584308019619	42.616236695521245	35.784883587195473	110.89635491757572	71.713257894890319	105.26798107112842	68.706924505987487	104.32657248107152	35.807612504912456	51.585759090148414	29.841880391966715	34.582330166607328	85.487086138023798	79.633139633653727	80.243801038878217	12.228277162906176
106.67732078768199	29.149968151862218	19.624549574604892	81.527875217376376	24.391437808741415	55.437612507010741	59.191730010185339	72.939554360433092	15.659752133896433	0.0	57.19596010788397	48.095551838252099	40.726057675500755	74.777584869609541	78.844818549588879	47.895047865079256	57.146023946540602	27.432056199025521	83.679405622678473	62.62951434179481	24.251514863009255	41.983354995252135	29.965970225101522	20.335976851201419	70.04433561708656	23.00966040379123	52.165173216014772	55.686739601443364	77.531315321108011	88.951298107976882	71.667974153892615	47.041117306799599	47.48429933181194	57.590417872210004	75.677139633273924	83.608786835281109	81.823484844647496	20.073625628595607	63.3499497633793	76.914669364905038	46.872318496887431	39.145564021928095	84.4899578248599	72.038704098145573	49.484691084377211	27.399792335834114	38.51988992925768	32.091758346938661	72.160278113505299	38.413473295477381	41.238041405546973	64.642865044475798	60.622461591790483	19.31493186891926	76.550497852624744	39.774878561347748	75.058836164754055	38.357341134074041	13.857319438223264	17.413930726310678	74.634670222401908	1.5333729055696581	25.875534084577726	87.874298526627015	84.646541776796994	80.428579593780384	26.708607798367289	46.771731020263438	74.195296717775292	41.542770781379424	31.448261745915115	79.562198110437976	35.984404130707617	89.889323240574925	95.915843272647038	36.225900536566563	25.437985088075305	84.511241272727446	17.600264979722375	32.89540753023261	54.220851053839468	57.830289909992189	27.906936290531025	79.365783252184301	12.534345887045719	27.745399458775236	48.6041306815628	108.86623476127355	59.416654608291338	102.95883677888447	67.427069496502668	100.9946993780476	46.636680351956549	57.405457094150783	42.091078451910768	22.702779066189677	71.437046543497772	68.574447602168178	71.138454131703682	18.788712136945581
68.283763420363542	39.216933766716821	50.236722001528321	30.038934107187291	36.042030334910372	34.965509008996321	5.143083496636871	21.106874095440347	68.142950009904069	57.19596010788397	0.0	77.328569985648528	74.441501998374804	65.269529169125903	55.506083114216217	64.519426039863902	71.388383752429348	30.29491259508681	41.524792715421462	47.953318332638133	60.435883952039028	15.213636681243194	35.883856413683084	46.312774748376533	17.463015413624198	65.030162254561461	76.456456604446075	2.4689093218051217	66.900986156771779	54.901617601355916	16.620392511999402	50.406612210245804	19.398928815360776	70.776339828592512	33.114341569071726	42.445720320172995	58.542381101266251	43.486207875133168	90.967355787448554	33.064270306181434	71.13763215506161	44.019654731875654	54.486078450021111	64.07308117532321	43.747221010116775	63.187742300263132	28.779934132570446	25.215739862367275	41.201632944294651	22.475366917325371	19.383775028540505	32.343870453241081	24.855144758575861	72.646567293808843	27.363655463665275	18.454498222889836	24.94753698140708	31.385676299407123	58.570905759001811	58.18774597231036	58.015823076702432	57.162675364853598	57.460248366013396	35.534390689342352	28.426530965256152	68.817026587757539	56.167776193453648	27.59928647401436	38.914795856464146	17.878588269627492	48.601508108219292	22.786552548258381	29.564161029984906	48.732923989258204	55.104566998117022	38.672208516262856	41.69040671775182	29.435091514165478	49.272029208725726	48.990452515131302	75.528652522937847	66.163958671351594	60.991263985389359	25.651061543799379	65.152885431342156	35.280744134849854	81.025330364977137	70.693929521549961	8.7272242046569577	64.804087968846176	44.591707145790636	59.740989629839305	73.901018056374966	64.306467970398188	75.406317554595049	34.501884509215579	28.40068225980864	11.493187829377488	16.789912007325043	59.786578398676824
91.745157614321457	71.326623190572349	33.781207035423591	86.623189689138968	46.331983150948687	50.59551840067369	75.90892612140938	98.180748604916985	36.365039599385504	48.095551838252099	77.328569985648528	0.0	7.8296663695756088	46.214373893586085	59.937044507486789	15.804036653796718	17.830865393441091	53.656474017122704	78.871205964795848	46.293771288549905	24.362940085994023	66.184544449772474	70.300501497616153	65.437338489201522	94.578373110178532	70.675210177318675	6.3179866423435627	74.924893607498092	48.613315535170884	75.04184961469268	93.896451985872773	30.423592389430258	58.567284712424552	18.995035901656241	74.511037955406124	77.930656630192004	61.534448817272796	40.131268723406109	15.673333474689681	107.75471412911531	7.1273072875826022	33.659193370094748	68.761902585207807	43.572361066333414	38.440423080546687	20.904898452453242	75.568922563176585	58.260126771546382	63.102086024437405	55.523736523701253	58.315577913847868	99.898048646906503	93.532797936337715	61.934026252041555	103.93939413727942	60.676268996747552	80.93287248777338	45.947846687676552	61.938795457039426	65.506088848173462	52.157753549606667	49.627920187458017	73.792380521973612	92.235848040541327	104.50081729649817	51.078263232440619	74.449993046241858	83.264039460205495	67.61781024006639	60.149215668574826	29.220552956183447	98.41011801746437	73.193931853742001	82.030339683251015	85.937152240170676	38.657518430678671	38.415038342982704	93.577606641735954	36.174108461097816	78.808454003442208	9.9488221060653164	23.905377436018071	21.185434376504649	87.743104056058684	58.391643038530617	67.162813093678395	4.6878537785611103	93.252435055905536	84.100333423403256	88.665745536691702	54.547712878278809	90.110359758961323	3.581249834391881	25.283098611979856	6.6220933860398601	54.208577604635153	102.26971165036082	87.51786138245383	82.836039207184328	29.445926864772073
94.995506016030063	65.101813386330122	27.955678807063837	86.395060748336775	41.498837929316196	50.709178991686919	73.512002925822358	94.944780844514511	28.557891890136492	40.726057675500755	74.441501998374804	7.8296663695756088	0.0	50.90361230603672	63.190435606147098	18.577379089018422	23.622559142514227	48.851391221904926	80.129814501892895	48.429436083804134	17.700660876453185	62.308581592335059	64.314125378257017	58.709564434341068	91.394063429058036	63.097309336383205	13.514369213779732	72.104261321299688	53.457940765460862	77.799050684828558	91.061423361768448	31.092950998866236	56.350259588905445	24.659008863097139	75.022388810904474	79.315780032238706	65.098205105840492	34.74326455348988	22.625590526497909	103.75929266240803	10.949750433841823	32.096761940198412	71.687062693944668	48.13830684155193	38.801488875990287	14.133303971285724	70.145865731267733	53.73881370789784	64.62859149143496	52.16306954189649	55.129070564799513	95.109026194151085	89.0310154777317	54.125309839086285	100.44742108423807	57.037701796496101	80.436169695446708	43.380523510367432	54.519798547670391	58.131763424194837	55.830827638371957	42.252549610748304	66.543050476593919	92.248242064774132	102.21539859988685	56.084538590464064	67.268803399683108	78.060370423947077	68.8574050232465	56.82864451318369	25.845297876707232	96.189089929156623	67.699075092342667	83.889917987994195	88.242204583670613	36.180586958289702	33.900448559356697	92.843552818636297	30.188567834627996	72.066498323042154	16.802408644961428	28.598191928871159	15.065080548191469	86.999686886351981	50.709337218483533	61.232104370089857	8.045111465903874	96.640496569064496	80.686863359060027	91.758498300757083	56.432407007928632	92.646327025034353	8.1497670252260459	29.586890474822848	1.3683712600325648	48.757496096651742	98.210632808497365	85.071865941108513	81.434616431452653	22.351048584243117
47.114480757304214	83.353523705362889	55.173547150818571	57.155336429279743	56.358647226693783	30.680051819913498	61.157514520673615	84.677739073370276	71.380383094288703	74.777584869609541	65.269529169125903	46.214373893586085	50.90361230603672	0.0	17.477941051900981	32.597586682121204	28.588053356334157	60.557778198030043	42.834731353427102	17.47794252712492	54.641075343559663	63.204070506578795	80.672166034727596	82.722758433352553	81.252506240664076	96.354563571613056	40.444047978424599	63.015034588393782	2.7758439333355414	32.74304793332918	78.474657875672435	27.743554511748179	48.164986122684958	27.37819214163191	43.16558116323759	41.407016592702199	17.511179423465947	56.088570557563344	48.897740824381586	98.053860056557554	40.129119018209096	36.280969891106423	26.431572361427424	2.8616932225634213	27.303923345071972	53.553340206219538	80.719208039477635	61.800159458719087	29.003428623573999	53.094526820728753	53.745202121946498	96.640398253129817	89.099258109707108	93.560872414062501	91.350886623519273	57.966302969598701	53.905622686203117	43.849797966435773	86.643113251403335	89.147946113248111	9.5650154328409318	76.045241512950923	94.848911099821763	60.734682649808541	84.343632480726797	5.6764244852410899	94.664579464354333	85.425072230155735	33.862799686599665	55.698951487075952	43.333450279795862	78.610509984756675	79.337164833899237	42.77702871154348	44.518901906681656	41.065738864587964	50.806553100582306	65.892892898565933	57.197456452962101	94.040967972282843	36.919835622606108	22.394159106624624	51.372944574953507	60.938632088624402	87.304352975366129	77.770507871440117	50.685245841077318	48.279578856675684	73.972934374660952	44.522275233300213	21.707118536546098	47.615527773742578	43.570549659763699	21.319057076408868	50.571226526511978	64.953347411079918	93.636640918357713	70.716831624030306	60.64131946038902	59.512675034735601
31.841774011975485	81.133251073790333	60.099315473350771	41.472114488687971	56.896439842582488	25.42334067456332	50.763260564308908	72.878261738011858	78.82973495094285	78.844818549588879	55.506083114216217	59.937044507486789	63.190435606147098	17.477941051900981	0.0	44.703579992064071	43.414727881669663	59.113578163717165	25.875858965725207	16.433113996389199	62.592552788428094	57.385598215607018	78.062211230881132	82.544278932177733	69.711789986130256	98.412032063333257	54.825913404648638	53.566895749903175	17.002179211326936	15.604149146148906	66.3585559004853	34.298534036462215	41.860666541206001	42.20972924947408	27.841348106614294	24.378876448961861	3.2609455643181193	58.903522683337911	65.073845314894612	86.909289688164861	53.169707399596007	40.05180510428653	9.1775906309758479	18.804919183559591	29.543049898153605	62.430351923597613	76.120544723836389	58.823115123787574	14.712172174519154	49.248133176755033	48.846300230847525	87.814492366548095	80.280896734145017	98.146229164176063	79.529236502073587	53.075082009120209	39.304286033420993	42.544321363598321	88.96071757815622	90.878352576764797	8.3291799083571174	79.893091273961332	95.205810022063659	44.303497247896338	70.346972497202856	17.154140930823729	94.710180729148163	79.307354795320251	18.652823191725414	50.477542404556537	48.803393150048841	64.98324529578106	75.242482622270543	25.304623721543475	27.261963945961753	42.705434377230958	53.467743747782706	50.344810733247698	61.609514697489693	92.229165738206575	51.599797678055964	36.459866732478972	59.926895596766158	45.923493608304931	91.195916409825557	75.526632852742267	64.596516722395236	33.450210491208175	64.133568335532985	28.730188303771474	12.413242327761211	30.752409738769984	56.834341854948818	34.821021260522997	63.152147750685458	64.305636572192554	83.06517577498937	58.624206204995488	47.321741534476615	66.602284523964144
76.539809700824208	65.550290775363294	29.450741288543426	71.252137574514904	38.130826976482282	35.250694410052411	62.488182672551943	85.610740834064842	40.663271066646132	47.895047865079256	64.519426039863902	15.804036653796718	18.577379089018422	32.597586682121204	44.703579992064071	0.0	9.4476469419570819	44.937443231687368	63.073535060030757	30.529676373360072	24.460369790682037	55.146035382615977	63.850280167102497	61.552199165252333	81.970332084172327	70.833837531058165	12.437760690145474	62.062228343095327	35.230886920605663	59.537438412615067	80.824163698863771	15.143155827453455	45.237250083596543	9.7358155019524375	58.863350443972315	62.127498907247904	46.543503070577721	33.817006593628847	26.616502301575292	96.265504133058911	8.7067836149665094	20.659475976832425	53.335891037696676	29.783912334813301	23.132106032751963	22.390091490694886	67.483429304601131	48.721728245305641	47.298105933283942	43.950881164300988	46.364179792076172	89.95947704478624	83.110523259425889	64.975181058723649	91.689083694760654	49.389756502030394	65.73587330596898	33.55219656249529	61.33355438920298	64.513130977507942	37.257633561066385	49.364631144259072	71.874402971589632	76.735551301351563	90.695425793347411	37.953358199602121	72.177265749211003	74.485772795872251	51.827107808795006	48.352820884466489	20.059088145142798	84.573364860787095	65.348417261233024	66.25661688860896	70.266632664179866	26.597725722058144	30.227865209134528	78.477935464606873	31.947644687499906	74.570531649830841	11.011258961257045	10.922390836758217	20.77675433962224	72.67345003624655	59.834724971069669	60.657634363683684	20.466932814697969	78.144734389173436	71.951330167136604	73.357012886989537	38.758060476553688	74.524073270148591	12.396725140758129	11.413500782446922	18.461123052179758	46.984663047727516	90.941201004870351	74.024194957866783	68.304311804750512	29.948489667766651
74.930648218859076	74.843762013624271	38.891202886440027	74.847563973707224	47.226239129082217	39.588230360220436	68.892198049789016	92.473758994656535	49.009559185466344	57.146023946540602	71.388383752429348	17.830865393441091	23.622559142514227	28.588053356334157	43.414727881669663	9.4476469419570819	0.0	53.845259770981315	64.725322200781676	31.80496848130387	33.349023519466179	63.147869903268507	73.063104665120164	70.987517824200651	88.831221621989371	80.127279397591735	11.866361981924232	68.91947443409191	30.895009698020946	58.884684456627824	87.345442383641654	20.981813243091487	51.989644554193731	1.2184969077335794	61.699481157587002	63.606608805561322	44.658465735323844	43.198482225085215	22.381007047363745	103.73513712429765	12.751905883446419	28.528086790483826	52.486917011526934	26.049843045817497	28.159505733409073	30.911095543323412	76.372788170778861	57.364171325275571	48.910417104097512	51.858444015857089	54.030058336198415	98.17025002736095	91.16015175555826	73.815381213897794	98.730624909985139	57.350269204993353	69.793994617914336	41.249870099178054	70.675059275707753	73.891338719039169	35.307372804318128	58.630204695067832	81.308185544175956	79.918393417979232	96.491447639560363	33.294618879739453	81.620064140282381	83.158300058841206	53.760609890176312	56.070963048922685	29.301414939028795	90.378929737272117	74.303470490697748	66.94300916345226	70.21020250047367	34.713042271529773	39.428678980177118	82.60640926641139	41.391349457346081	83.976306273908833	8.340628050167334	7.0939530611829218	29.619678260498009	76.912008949418762	68.929445291797492	69.875239668062207	22.163415371235825	76.305009461550483	79.192716306383417	72.022224642477141	40.07648130402162	74.063398650979224	15.647325363637455	8.9910866337969448	22.991157486478045	56.168657495753635	98.522893148488677	80.243577693361502	73.442167108418786	38.905683500710573
83.140784778815046	22.797835788450151	21.625852563170092	54.372903029914809	7.3572874497508813	33.751308732018373	31.855255182643628	48.255138305319782	37.917455450183795	27.432056199025521	30.29491259508681	53.656474017122704	48.851391221904926	60.557778198030043	59.113578163717165	44.937443231687368	53.845259770981315	0.0	58.330079639122907	44.660959850062206	32.460585292089426	15.373640644584658	20.22465096706669	23.534145860533407	44.977043743316088	40.771694039836937	54.745472581824551	28.568339251735612	63.034175800868951	66.126526781604696	45.822736283336177	35.507441605530424	21.086195994043813	53.69775136577632	49.870416135106915	58.500516708046888	62.340993826824082	14.498494456413589	68.893588710046586	55.327268987612428	48.900687895059164	26.260399053820869	62.751616920448171	58.285405434917976	33.29384370249899	35.714514201037225	22.547444564182008	5.3320930996956273	49.187410993163589	11.666448636630673	14.09438775014563	46.294394786992548	40.205559319153338	44.747937114956741	52.968490656685731	12.352690857435102	47.957020195319622	16.893519576312631	32.203093076721956	33.187048981167898	57.240486875271657	27.638772738851582	36.272655546429	60.686825321426333	58.451489023936091	65.718654358561949	35.671040505192515	29.746353390296282	50.102734385135264	14.159409060591699	25.137730133567061	53.018780209080887	20.461382665788253	65.03072797997352	71.353413334078127	20.255690575556233	15.266332136042976	57.083896416911607	20.054013033447045	33.56512860642988	55.04767146918126	51.085963819945583	34.028995589108199	51.984238573998617	37.116088799229772	17.236955486751469	56.41969611028027	85.456805647436838	34.013246130501209	79.390484884107735	46.765373928128703	76.455991695150288	50.702654449252677	49.775003976473144	50.040144325682903	5.6125802294729592	49.731035346352265	41.785330126164723	43.706771989326022	30.582101204792657
26.781838273935378	76.57834478138669	68.057296298072899	17.271170867759725	59.358644766986991	30.366634013328017	36.399872854984515	53.535699293409898	88.337753847033881	83.679405622678473	41.524792715421462	78.871205964795848	80.129814501892895	42.834731353427102	25.875858965725207	63.073535060030757	64.725322200781676	58.330079639122907	0.0	32.961989757353166	74.157973173838656	50.008891922126551	73.187066877858612	80.936634962430304	51.012970134107078	98.995406863346474	74.871757069618567	40.489679036151941	42.751628646756863	15.743874359690798	46.910561467520317	49.036984600474192	37.29706546469879	63.617032584762704	8.7925042395634936	1.5656420933950228	27.308567410756122	64.211015030436627	87.095954529967273	67.910203849297801	71.751052291775039	50.254594613247932	18.943196574891498	43.554798383259438	41.475200908460884	75.180266171330217	68.339153505551252	55.758766721927294	15.852848956430694	46.693343795481219	44.701447039868356	72.429321910601288	65.371435824446948	102.41367376884175	59.793704964800071	48.020551944702483	18.015782252209441	45.526296768423116	90.522044139369385	91.453397066863147	33.270707529253372	84.332100206415376	93.479098884005239	18.700246855647151	47.553921107454975	43.029135733120775	92.553163379228579	68.830679530029911	11.279895633263491	45.431056864167438	59.160017670423734	43.026412184218223	68.338048435269016	7.2425702609375584	13.717312721092384	49.607887185851901	59.432111795750295	25.862480808268991	68.69462501559255	87.454518554079655	72.195283645822954	57.668210056379316	72.526325724493105	22.73162874054001	94.8777726478868	71.454484241919047	83.513937400254306	29.195460695346764	48.890245192357227	23.279299786787139	24.653946723295373	18.623711341515214	75.407011980643887	55.734923384006066	80.462025223530844	63.939177169408353	65.154509219018351	39.893797140299334	27.580833244747023	76.655211591931092
47.169289725868865	67.276005312802525	43.707859362872902	43.786329251680868	41.510270222842102	13.202209876456559	44.012568754370861	67.768457381262152	62.426709100938382	62.62951434179481	47.953318332638133	46.293771288549905	48.429436083804134	17.47794252712492	16.433113996389199	30.529676373360072	31.80496848130387	44.660959850062206	32.961989757353166	0.0	46.298402387739912	45.895642443153449	64.414474789884025	67.662054823209957	64.276871403479305	82.758042399346834	41.992977377608995	45.659895382933335	19.435205697231467	29.545226109315667	61.7348406989355	18.200691407952551	30.717104103697693	30.718546242084045	30.184282002339053	31.892786696251566	19.255162025121976	42.832531574480235	54.185966347484957	80.882827435819209	39.233024288952308	23.656035226553936	23.719734009538474	16.120225767235333	13.169949360150872	46.313451960615126	63.774437671530741	45.25646458850364	17.118619649866176	36.161914166444298	36.546830550453329	79.165683584188429	71.627519062207924	81.89756927548558	74.410167929808182	40.806076808358675	39.38981698799487	27.770001275310424	73.192992305511567	75.300779147493557	12.595979015157059	63.72109459059935	80.155405798506635	48.462513600107052	68.597449825458654	21.77456173703942	79.788889096187233	68.15151094688666	21.958379378939323	38.450502973091545	32.370584873369872	62.676438439376547	62.534597142543326	35.736793733313277	39.82251543381485	26.73999513522222	37.383901407914777	52.03006073386144	45.275117033717727	78.199503658599539	39.244308532103474	24.791188780855215	43.762563744882492	46.589767605841942	75.052199803763855	61.649772871940492	50.974013827762079	49.015553406271565	56.626455593652565	43.747834791684376	8.3260697800153327	44.228472922080769	42.92605971254428	22.828304499923686	48.574042760058937	49.507237095946493	76.351761505305447	54.047262551040099	44.827102107500821	50.198524060860613
93.210391516047679	47.410135822673389	10.859365011544012	77.077495823339476	25.294241428065103	43.800252190158588	60.37572266817925	80.086726695321786	16.739874968874663	24.251514863009255	60.435883952039028	24.362940085994023	17.700660876453185	54.641075343559663	62.592552788428094	24.460369790682037	33.349023519466179	32.460585292089426	74.157973173838656	46.298402387739912	0.0	46.969394554359617	46.688762579419475	41.11145594182593	76.651948876170778	47.214758807696064	27.970369353177833	58.262143359781611	57.407780187925091	75.346800633773341	76.868412638046593	28.339867762837919	44.153661538339428	33.918810161450665	67.602644691966461	73.652782515934504	65.151718065696159	17.971959904427273	39.966845218191587	87.786416585341485	22.620855937767534	23.980189153061481	69.881298740540174	51.788237304317462	33.835637221513089	3.5698962837820272	52.847555319962652	37.632968871509554	59.919965249295636	38.006615107901986	41.161684087387677	78.278416273352633	72.537925386981414	40.523256907201571	85.168341517266157	42.217237702171765	70.735356716323665	31.346052725629068	38.068698737009335	41.519734512495916	56.706334760155336	25.776200735432788	49.592954375705162	83.281184212535678	88.783059278588695	60.284338143602113	50.184570220368833	60.911419079268661	63.291461815009193	42.558814838268738	14.999536864409816	82.941523345907228	50.355205582832006	79.142925161232981	84.38738154644372	25.186551651470818	18.746705066822472	82.373297375100393	12.793301814823508	54.482435048935464	29.970439762821695	35.063910870559418	3.7321484890510317	76.637558667724889	35.629512798093792	43.636510632685635	25.735395832110076	95.153600653521764	65.731677084117266	89.672764107481882	53.051809592441145	89.210326616273775	22.53633056592529	35.033683349914703	19.040206294021772	31.587767808810902	82.191295654715233	71.611766420822278	69.934670202101927	5.5720668096875254
